ms 50 1 -t 50 -eN 0.01 0.01 
//
segsites: 23
positions:    0.0208748369    0.0219521436    0.0318210223    0.1186920295    0.1583320992    0.1982818737    0.2446540734    0.2765919860    0.2996731312    0.3620056675    0.4036690502    0.4607036654    0.4924326479    0.4979257765    0.5171818885    0.5296933406    0.5411274692    0.6391836805    0.6498009285    0.7491377741    0.7869686871    0.8161959362    0.9456560386 
00000000000000100000000
00000000000000100000000
00000000000000000000010
00000000000000100000000
00000000010000100000000
00000000000000100000000
00000000001000100001000
10000000000010000000000
00000000000000100000000
00000000000001100100000
00000000000000100000000
00000000000000101000000
00000000000000100000000
00000000000000100000000
00000000000000100000000
00000000000000100000000
00000000000000100000100
00000000000100100000000
00000000000000100000100
00100000000000010000000
00000001000000100000000
00000000000000100000000
00000000000000000000000
00000000000000100000000
00000000000000000000000
00000000000000100000000
00000100000000100000000
00000000000000100000000
00000000001000100001000
10000000000010000000000
00000000000000100000000
00000000000000100000000
01000000000000100000000
00000000000000100000000
00000000000000100000000
00000000000000100000000
00000000000000100000000
00000000000000100000000
00001010000000100000000
00010000000000100000000
00000000000000000000000
00000000000000100000100
00000000000000100000000
00000000000000100010001
00000000000000100000000
00000000000000100000000
00000000000000100000000
00000000100000100000000
00000000000000100000000
00000000000000100000000
