ms 50 1 -t 10 
//
segsites: 50
positions:    0.0002723108    0.0134040061    0.0171075128    0.0541032569    0.0596709072    0.0752783203    0.0908219230    0.1661640657    0.1815035879    0.1846150951    0.1856618545    0.2039381245    0.2354839693    0.2408389139    0.2427150358    0.2449596957    0.2638821341    0.2879742314    0.3270589744    0.3315079268    0.3425909460    0.3605550237    0.3640765580    0.4398175965    0.4416829783    0.4489002354    0.4633121123    0.4727878247    0.4835474275    0.4934314147    0.6282136508    0.6581202808    0.6883874696    0.7244797391    0.7564319044    0.7580853691    0.7765371539    0.8057628025    0.8073724287    0.8156201802    0.8230475748    0.8301866618    0.8427512469    0.8851683831    0.8881398689    0.9376450258    0.9464241734    0.9729753316    0.9934657279    0.9950804389 
00001000000000001010000100000000000000000100100000
00001100000010000010000100000000000100001100000000
00001000000000001010000100000100000000000100100001
00001010000000001010000100000100000000000100100001
00000000101000010100000001000000110000000010000010
00001000000010000010000100000000000100001100000000
00001000000000000010000100000000000000000100001000
00001000000000001010000100000000000000000100100000
00001010000000001010000100000110000000000100100001
00001000000010000010000100000000000100001100000000
00001000000010000010000100000000000100001100000000
00001000000010000010000100000000000100001100000000
00001000000010000010000100000000000100001100000000
10000000111000000100101010000001011000010010000110
00001000000010000010000100000000000100001100000000
00001010000000001010000100000100000000000100100001
00000000101000000100100000000001010000010010000010
10000000111000000100101010000001011000010010000110
00001000000010000010000100000000000100001100000000
00000000101000110100010000000000110000000010000010
00101000000010000010000100001000000100100100000000
00000000101000010100010000100000110000000010000010
00001000000000001010000100000100000000000100100001
10000000111000000100101010000001011000010010000110
00000000101000010100000001000000110000000010000010
10000000111000000100101010000001011000010010000110
10000000111000000100101010000001011000010010000110
00001000000000001010000100000100000000000100100001
00001010000000001010000100000100000000000100100001
00001001000000001010000100000100000000000100100000
00001000000000001010000100000000000000000100100000
00011000000010000010000100000000000100001100000000
00001010000000001010000100000100000000000100100001
00001010000000001010000100000100000000000100100001
00000000101000010100000001000000110010000010000010
10000000111000000100101010000001011000010010000110
01000000101100000100000000000000010000000011010010
00001000000010000010000100000000000100001100000000
00001000000000001010000100000100000000000100100001
00001000000000000010000100000000000001000100000000
00001000000000000011000100010000000000000100000000
00000000101000010100010000000000110000000010000010
10000000111000000100101010000001011000010010000110
00001000000000000011000100010000000000000100000000
00000000101000010100010000000000110000000010000010
00001000000001001010000100000100000000000100100000
00001000000010000010000100000000000100001100000000
00001010000000001010000100000100000000000100100001
00001000000000001010000100000000000000000100100000
00000000101000010100000001000000110000000010000010
